[0, 0, 0, 1, 4, 6, 0, 6, 1, 5, 1, 3, 2, 0, 1, 2, 0, 1, 0, 5, 0, 1, 9, 5, 8, 9, 2, 3, 5, 2]
[0.0, 0.0, 0.0, 1.0, 4.0, 6.0, 0.0, 6.0, 1.0, 5.0, 1.0, 3.0, 2.0, 0.0, 1.0, 2.0, 0.0, 1.0, 0.0, 5.0, 0.0, 1.0, 9.0, 5.0, 8.0, 9.0, 2.0, 3.0, 5.0, 2.0]
[0.000273359, 0.184220009, 0.382582031, 0.209584584, 0.269816111, 0.442450728, nan, 0.494913671, 0.898632125, 0.398008103, 0.354894912, 0.629422793, 0.144703125, 0.006539203, 1.22e-05, 0.003375, 0.003869893, 0.000340068, 0.036926037, 0.031255875, 0.036264691, 0.013312053, 0.258474853, 0.437245479, 0.529475129, 0.241804367, 0.786330467, 0.3460955, 0.228531468, 0.114084125]
[0.000273359, 0.184220009, 0.382582031, 0.209584584, 0.269816111, 0.442450728, 0.3208397052, 0.494913671, 0.898632125, 0.398008103, 0.354894912, 0.629422793, 0.144703125, 0.006539203, 1.22e-05, 0.003375, 0.003869893, 0.000340068, 0.036926037, 0.031255875, 0.036264691, 0.013312053, 0.258474853, 0.437245479, 0.529475129, 0.241804367, 0.786330467, 0.3460955, 0.228531468, 0.114084125]
[-25.176, -5.496, -15.596, -6.251, -7.1378, -8.843, -7.4244, -6.63, -5.022, -7.28, -5.7964, -5.173, -7.31, -6.3326, -29.372, -22.415, -16.714, -16.827, -13.012, -13.781, -12.953, -14.936, -6.408, -4.315, -6.759, -6.711, -3.99, -7.9358, -6.2028, -13.131]
[-25.176, -5.496, -15.596, -6.251, -7.1378, -8.843, -7.4244, -6.63, -5.022, -7.28, -5.7964, -5.173, -7.31, -6.3326, -29.372, -22.415, -16.714, -16.827, -13.012, -13.781, -12.953, -14.936, -6.408, -4.315, -6.759, -6.711, -3.99, -7.9358, -6.2028, -13.131]
[0.0443, 0.06702, 0.04144, 0.0277, 0.026, 0.0326, 0.0323, 0.0414, 0.03448, 0.0261, 0.0301, nan, 0.0341, 0.04414, 0.0364, 0.0355, 0.0331, 0.0428, 0.04844, 0.0388, 0.0648, 0.0334, 0.101, 0.306, 0.251, 0.303, 0.304, 0.339, 0.37, 0.439]
[0.0443, 0.06702, 0.04144, 0.0277, 0.026, 0.0326, 0.0323, 0.0414, 0.03448, 0.0261, 0.0301, 0.051072000000000006, 0.0341, 0.04414, 0.0364, 0.0355, 0.0331, 0.0428, 0.04844, 0.0388, 0.0648, 0.0334, 0.101, 0.306, 0.251, 0.303, 0.304, 0.339, 0.37, 0.439]
[0.724150792, 0.672221376, 0.667627624, 0.003796416, nan, 1.76e-05, 0.291434247, nan, nan, 0.078953589, 5.11e-05, 2.78e-08, nan, 0.967361669, nan, 0.944076141, 0.941192, 0.973242271, 0.065663936, 0.616295051, 0.843908625, 0.766060875, 1.37e-07, 2.86e-06, 0.086938307, 6.45e-07, 0.158598092, 5.76e-07, 0.075361508, 0.496793088]
[0.724150792, 0.672221376, 0.667627624, 0.003796416, 0.06845816680000001, 1.76e-05, 0.291434247, 0.1091859862, 0.07702045939999999, 0.078953589, 5.11e-05, 2.78e-08, 0.010689683000000345, 0.967361669, 0.3821697698, 0.944076141, 0.941192, 0.973242271, 0.065663936, 0.616295051, 0.843908625, 0.766060875, 1.37e-07, 2.86e-06, 0.086938307, 6.45e-07, 0.158598092, 5.76e-07, 0.075361508, 0.496793088]
[6.19e-05, 0.91, 0.867, 0.005113926, nan, nan, nan, 0.0, nan, nan, 0.0, 2.23e-06, 0.0, 0.11140968, 0.915, 0.94, 0.0103, 0.103, 0.594, 0.000261, 0.0263, 0.807, 2.5e-06, 0.0, 0.00175, 4.19e-06, 1.2e-05, 5.87e-05, 0.000108, 0.00198]
[6.19e-05, 0.91, 0.867, 0.005113926, 0.0253232252, 0.19, 0.12680623559999998, 0.0, 0.0026645640000000003, 0.10188155160000001, 0.0, 2.23e-06, 0.0, 0.11140968, 0.915, 0.94, 0.0103, 0.103, 0.594, 0.000261, 0.0263, 0.807, 2.5e-06, 0.0, 0.00175, 4.19e-06, 1.2e-05, 5.87e-05, 0.000108, 0.00198]
[0.000806954, 0.034965783, 0.001771561, 0.001, 0.002924207, nan, 0.010793861, 0.000334255, 0.000622836, 0.005268024, nan, 0.022906304, 0.002406104, 0.001030301, nan, 0.001860867, nan, 0.001295029, 0.020570824, 0.001860867, 0.046268279, 0.001860867, 0.000881974, 0.003567871, 0.000230346, nan, 0.001331, 0.458314011, 0.007645373, 0.001061208]
[0.000806954, 0.034965783, 0.001771561, 0.001, 0.002924207, 0.0090871718, 0.010793861, 0.000334255, 0.000622836, 0.005268024, 0.00319103, 0.022906304, 0.002406104, 0.001030301, 0.11204628040000002, 0.001860867, 0.0056481534, 0.001295029, 0.020570824, 0.001860867, 0.046268279, 0.001860867, 0.000881974, 0.003567871, 0.000230346, 0.023085796, 0.001331, 0.458314011, 0.007645373, 0.001061208]
[0.34, 0.746, 0.38, 0.8152, 0.295, 0.842, 0.7186, 0.879, nan, nan, 0.612, 0.759, 0.291, 0.213, 0.226, nan, 0.319, nan, 0.272, 0.578, 0.576, 0.082, 0.569, nan, 0.737, 0.715, 0.72, 0.78, 0.442, 0.698]
[0.34, 0.746, 0.38, 0.8152, 0.295, 0.842, 0.7186, 0.879, 0.56404, 0.49412, 0.612, 0.759, 0.291, 0.213, 0.226, 0.52992, 0.319, 0.57488, 0.272, 0.578, 0.576, 0.082, 0.569, 0.5541600000000001, 0.737, 0.715, 0.72, 0.78, 0.442, 0.698]
[83.398, 148.692, 84.899, 150.22, 97.997, 103.032, 166.668, 116.043, nan, nan, 164.001, 96.231, 156.207, 132.731, 132.813, nan, 77.483, 105.202, 144.553, 125.231, 170.721, 117.069, 119.988, nan, 83.011, 99.498, 79.675, 136.734, 138.335, 174.836]
[83.398, 148.692, 84.899, 150.22, 97.997, 103.032, 166.668, 116.043, 125.92379999999999, 141.00632000000002, 164.001, 96.231, 156.207, 132.731, 132.813, 116.51599999999999, 77.483, 105.202, 144.553, 125.231, 170.721, 117.069, 119.988, 110.08160000000001, 83.011, 99.498, 79.675, 136.734, 138.335, 174.836]
[117907.0, 173427.0, 150667.0, 265000.0, nan, 260560.0, 258027.0, 213298.2, nan, nan, 203438.0, 260400.0, 204640.0, 206312.2, 96625.0, nan, nan, 187373.0, 272467.0, 194000.0, 162286.0, 217606.0, 272080.0, 324307.0, 231240.0, 187849.4, 237233.0, 158467.0, 206312.2, 202451.0]
[117907.0, 173427.0, 150667.0, 265000.0, 231475.24, 260560.0, 258027.0, 213298.2, 204556.8, 223886.6, 203438.0, 260400.0, 204640.0, 206312.2, 96625.0, 176975.36000000002, 222784.24, 187373.0, 272467.0, 194000.0, 162286.0, 217606.0, 272080.0, 324307.0, 231240.0, 187849.4, 237233.0, 158467.0, 206312.2, 202451.0]
[13965236.0, 184825.0, 184825.0, 202457327.0, 316688049.0, 249074.0, 76758188.0, nan, nan, nan, 2419753.0, 86252134.0, 26341526.0, 88490455.0, 86950.0, 86950.0, nan, 9236037.0, 61154916.4, 1870898.0, 19436.0, 706018.0, 409897329.0, 295026831.0, 60823771.0, 31503357.0, 2434744.0, 12105762.0, 73500123.0, 518998.0]
[13965236.0, 184825.0, 184825.0, 202457327.0, 316688049.0, 249074.0, 76758188.0, 87772507.2, 87639565.88, 27176977.0, 2419753.0, 86252134.0, 26341526.0, 88490455.0, 86950.0, 86950.0, 33049261.48, 9236037.0, 61154916.4, 1870898.0, 19436.0, 706018.0, 409897329.0, 295026831.0, 60823771.0, 31503357.0, 2434744.0, 12105762.0, 73500123.0, 518998.0]
[137622.0, 5190.0, 5190.0, 997035.0, 1299086.0, 922.0, 252380.0, 740856.0, 93766.0, 276258.0, 1357792.6, 357275.0, 83668.0, 1939359.0, 955.0, 955.0, 199280.6, 62809.0, 240853.0, 35807.0, 1119.0, 7201.0, 1749518.0, 2212839.0, 403945.0, 293459.0, 63107.0, 145123.0, 547052.0, 19870.0]
[137622.0, 5190.0, 5190.0, 997035.0, 1299086.0, 922.0, 252380.0, 740856.0, 93766.0, 276258.0, 1357792.6, 357275.0, 83668.0, 1939359.0, 955.0, 955.0, 199280.6, 62809.0, 240853.0, 35807.0, 1119.0, 7201.0, 1749518.0, 2212839.0, 403945.0, 293459.0, 63107.0, 145123.0, 547052.0, 19870.0]
[19981370.0, 99463852.0, 19320810.0, 399661898.0, 89504963.8, 201457474.0, 136332369.0, nan, 128201040.0, 105775598.0, 15191393.0, 53372857.0, 45956641.0, nan, 5016602.0, 8273038.0, 26635618.0, 29325998.0, 23145970.0, 90558459.0, 9516698.0, 19457528.0, nan, 227592322.0, 220334731.0, 798281133.2, 16694375.0, 53722491.0, 41668859.0, 3718088.0]
[19981370.0, 99463852.0, 19320810.0, 399661898.0, 89504963.8, 201457474.0, 136332369.0, 135414467.8, 128201040.0, 105775598.0, 15191393.0, 53372857.0, 45956641.0, 363942536.8, 5016602.0, 8273038.0, 26635618.0, 29325998.0, 23145970.0, 90558459.0, 9516698.0, 19457528.0, 214710978.2, 227592322.0, 220334731.0, 798281133.2, 16694375.0, 53722491.0, 41668859.0, 3718088.0]
[3070.0, 122.0, 122.0, 24350.0, 31150.0, 140.0, 6860.0, 43300.0, 3668.0, 6509.0, 1861.0, 9334.0, 2923.0, 3259.0, 7.0, 7.0, nan, 2114.0, 1141.0, 576.0, 55.0, 167.0, 34870.0, 32923.0, 12928.0, 8605.0, 1919.0, 5263.0, 20151.0, 610.0]
[3070.0, 122.0, 122.0, 24350.0, 31150.0, 140.0, 6860.0, 43300.0, 3668.0, 6509.0, 1861.0, 9334.0, 2923.0, 3259.0, 7.0, 7.0, 7496.8, 2114.0, 1141.0, 576.0, 55.0, 167.0, 34870.0, 32923.0, 12928.0, 8605.0, 1919.0, 5263.0, 20151.0, 610.0]
[1.196374622, 1.403625378, 1.403625378, 1.693655589, 1.693655589, 3.311178248, 2.112990937, 2.772205438, 3.155528701, 2.112990937, 3.603021148, 3.051601208, 0.364350453, nan, 0.944410876, 0.944410876, nan, 6.921450151, 0.944410876, 1.627794562, 3.302719033, 2.535347432, 1.527492447, 3.807854985, 6.319637462, 10.1305136, 1.843021148, 10.20302115, 2.522296073, 7.468277946]
[1.196374622, 1.403625378, 1.403625378, 1.693655589, 1.693655589, 3.311178248, 2.112990937, 2.772205438, 3.155528701, 2.112990937, 3.603021148, 3.051601208, 0.364350453, 5.523625377599999, 0.944410876, 0.944410876, 2.3840483384000004, 6.921450151, 0.944410876, 1.627794562, 3.302719033, 2.535347432, 1.527492447, 3.807854985, 6.319637462, 10.1305136, 1.843021148, 10.20302115, 2.522296073, 7.468277946]
[1.418547895, 1.563148261, 1.563148261, 1.894447834, 1.894447834, 4.757169005, 2.566198902, nan, nan, 2.566198902, 4.416717511, 3.740939597, 0.425259304, nan, 0.9023795, 0.9023795, 7.655277608, 8.918852959, 0.9023795, 2.028676022, 4.029896278, 3.116290421, 1.74923734, 4.456985967, 7.730323368, 12.5314216, 2.248566199, 12.90970104, 3.127394753, 10.00732154]
[1.418547895, 1.563148261, 1.563148261, 1.894447834, 1.894447834, 4.757169005, 2.566198902, 4.069676631999999, 3.8320927394, 2.566198902, 4.416717511, 3.740939597, 0.425259304, 6.916900549, 0.9023795, 0.9023795, 7.655277608, 8.918852959, 0.9023795, 2.028676022, 4.029896278, 3.116290421, 1.74923734, 4.456985967, 7.730323368, 12.5314216, 2.248566199, 12.90970104, 3.127394753, 10.00732154]
[1.571514423, 1.743389423, 1.743389423, 2.022235577, 2.022235577, 5.167668269, 2.712740385, 3.605528846, 4.052283654, 2.712740385, 4.759615385, 3.8484375, 0.5859375, 1.081129808, 1.081129808, 1.081129808, 7.783052885, 9.289663462, 1.081129808, 2.199519231, 4.112980769, 3.284254808, 2.001802885, 4.765625, 8.260216346, 13.01682692, 2.342427885, 13.58653846, 3.346394231, 10.46153846]
[1.571514423, 1.743389423, 1.743389423, 2.022235577, 2.022235577, 5.167668269, 2.712740385, 3.605528846, 4.052283654, 2.712740385, 4.759615385, 3.8484375, 0.5859375, 1.081129808, 1.081129808, 1.081129808, 7.783052885, 9.289663462, 1.081129808, 2.199519231, 4.112980769, 3.284254808, 2.001802885, 4.765625, 8.260216346, 13.01682692, 2.342427885, 13.58653846, 3.346394231, 10.46153846]
[1.757014925, 1.925970149, 1.925970149, 1.911641791, 1.911641791, 4.83641791, 2.599402985, 3.81958209, 4.247880597, nan, nan, 4.01719403, nan, 1.20238806, 1.20238806, 1.20238806, 7.936716418, 9.532537313, 1.20238806, nan, 4.330149254, 3.43080597, 2.060895522, 4.630447761, 8.454925373, 13.25552239, 2.512119403, 13.76895522, 3.62961194, 10.73910448]
[1.757014925, 1.925970149, 1.925970149, 1.911641791, 1.911641791, 4.83641791, 2.599402985, 3.81958209, 4.247880597, 3.2422208956, 5.2852298509999995, 4.01719403, 4.1840955232, 1.20238806, 1.20238806, 1.20238806, 7.936716418, 9.532537313, 1.20238806, 5.3979462688, 4.330149254, 3.43080597, 2.060895522, 4.630447761, 8.454925373, 13.25552239, 2.512119403, 13.76895522, 3.62961194, 10.73910448]
[1.438682123, 1.581452105, nan, nan, 1.87614399, 5.126296522, 2.712629652, 3.699694936, 4.175472849, 2.712629652, 4.94447834, 3.926296522, 0.565588774, 0.978035387, 0.978035387, 0.978035387, 7.814521049, 9.333740085, 0.978035387, 2.10738255, 4.186089079, 3.37266626, 1.957901159, 5.089078707, 8.618059793, 13.07260525, 2.391092129, 13.28309945, 3.515314216, 10.56802929]
[1.438682123, 1.581452105, 3.6079316658000002, 4.8361683954, 1.87614399, 5.126296522, 2.712629652, 3.699694936, 4.175472849, 2.712629652, 4.94447834, 3.926296522, 0.565588774, 0.978035387, 0.978035387, 0.978035387, 7.814521049, 9.333740085, 0.978035387, 2.10738255, 4.186089079, 3.37266626, 1.957901159, 5.089078707, 8.618059793, 13.07260525, 2.391092129, 13.28309945, 3.515314216, 10.56802929]
[1.743243243, 1.778495887, nan, 2.180963572, 2.180963572, 4.963572268, 2.785546416, 3.862514689, 4.234782609, 2.785546416, 5.346650999, 3.980258519, nan, 1.081081081, 1.081081081, 1.081081081, 8.397767333, 9.986486486, 1.081081081, nan, 4.474148061, 3.494477086, 2.000587544, 5.293184489, 8.41186839, 13.72502938, 2.460047004, 14.16509988, 3.733254994, 11.49764982]
[1.743243243, 1.778495887, 3.7378378378, 2.180963572, 2.180963572, 4.963572268, 2.785546416, 3.862514689, 4.234782609, 2.785546416, 5.346650999, 3.980258519, 4.0984723856, 1.081081081, 1.081081081, 1.081081081, 8.397767333, 9.986486486, 1.081081081, 5.571092832000001, 4.474148061, 3.494477086, 2.000587544, 5.293184489, 8.41186839, 13.72502938, 2.460047004, 14.16509988, 3.733254994, 11.49764982]
[1.611530172, 1.752155172, 1.752155172, 2.057650862, 2.057650862, 4.636314655, 2.810883621, 3.847952586, 4.229849138, 2.810883621, 5.299030172, 3.950431034, 0.640086207, 1.011853448, 1.011853448, nan, 8.332435345, 9.747306034, 1.011853448, 2.214978448, 4.215517241, 3.395797414, 1.838362069, 5.010775862, 8.586206897, 13.92133621, 2.476831897, 14.06734914, 3.707435345, 11.44719828]
[1.611530172, 1.752155172, 1.752155172, 2.057650862, 2.057650862, 4.636314655, 2.810883621, 3.847952586, 4.229849138, 2.810883621, 5.299030172, 3.950431034, 0.640086207, 1.011853448, 1.011853448, 2.9774353448, 8.332435345, 9.747306034, 1.011853448, 2.214978448, 4.215517241, 3.395797414, 1.838362069, 5.010775862, 8.586206897, 13.92133621, 2.476831897, 14.06734914, 3.707435345, 11.44719828]
[1.690580504, 1.8483023, 1.8483023, nan, 1.943592552, 4.471522453, 2.76067908, 3.818400876, 4.235377875, nan, nan, 3.979299014, 0.721248631, 1.146768894, 1.242606791, 1.242606791, 8.410733844, 9.970974808, 1.146768894, nan, 4.205366922, 3.484884995, 2.029025192, 4.693318729, 8.371851041, 13.33187295, 2.477984666, 13.75136911, 3.668236583, 11.483023]
[1.690580504, 1.8483023, 1.8483023, 4.9649726178, 1.943592552, 4.471522453, 2.76067908, 3.818400876, 4.235377875, 3.2273603506, 5.2667469879999995, 3.979299014, 0.721248631, 1.146768894, 1.242606791, 1.242606791, 8.410733844, 9.970974808, 1.146768894, 5.4775903614, 4.205366922, 3.484884995, 2.029025192, 4.693318729, 8.371851041, 13.33187295, 2.477984666, 13.75136911, 3.668236583, 11.483023]
[2.116666667, 2.132258065, 2.132258065, 2.183333333, 2.183333333, 4.795698925, 2.559139785, 4.274408602, 4.636774194, 2.559139785, 5.501075269, 4.236344086, 0.787096774, 1.305913978, 1.509677419, 1.509677419, 8.553763441, 9.987096774, 1.305913978, 2.644086022, 4.487634409, 3.762473118, 2.211290323, 4.93172043, 8.439247312, 13.81827957, 2.737741935, 14.17741935, 4.191290323, 11.63817204]
[2.116666667, 2.132258065, 2.132258065, 2.183333333, 2.183333333, 4.795698925, 2.559139785, 4.274408602, 4.636774194, 2.559139785, 5.501075269, 4.236344086, 0.787096774, 1.305913978, 1.509677419, 1.509677419, 8.553763441, 9.987096774, 1.305913978, 2.644086022, 4.487634409, 3.762473118, 2.211290323, 4.93172043, 8.439247312, 13.81827957, 2.737741935, 14.17741935, 4.191290323, 11.63817204]
[2.246674728, 2.050181378, 2.050181378, 2.303506651, 2.303506651, 4.80471584, 2.665659008, 4.042200726, 4.375090689, 2.665659008, 5.381499395, 4.10592503, 0.797460701, 1.323458283, 1.525392987, 1.525392987, 8.248488513, 9.462515115, 1.323458283, 2.53808948, 4.333131802, 3.562515115, 2.22853688, 4.929262394, 8.718258767, 14.14691657, 2.641958888, 14.63845224, 3.920556227, 11.62394196]
[2.246674728, 2.050181378, 2.050181378, 2.303506651, 2.303506651, 4.80471584, 2.665659008, 4.042200726, 4.375090689, 2.665659008, 5.381499395, 4.10592503, 0.797460701, 1.323458283, 1.525392987, 1.525392987, 8.248488513, 9.462515115, 1.323458283, 2.53808948, 4.333131802, 3.562515115, 2.22853688, 4.929262394, 8.718258767, 14.14691657, 2.641958888, 14.63845224, 3.920556227, 11.62394196]
[0.144410876, 0.280362538, 0.128942598, 0.0, 0.0, 0.364350453, 0.502114804, 0.0, 0.0, 0.144410876, 0.487613293, 0.0, 0.0, 0.0, 0.0, 0.0, 0.144410876, 0.144410876, 0.0, 0.203504532, 0.144410876, 0.144410876, 0.70755287, 0.218610272, 0.364350453, 0.364350453, 0.364350453, 0.364350453, 0.318429003, 0.364350453]
[0.144410876, 0.280362538, 0.128942598, 0.0, 0.0, 0.364350453, 0.502114804, 0.0, 0.0, 0.144410876, 0.487613293, 0.0, 0.0, 0.0, 0.0, 0.0, 0.144410876, 0.144410876, 0.0, 0.203504532, 0.144410876, 0.144410876, 0.70755287, 0.218610272, 0.364350453, 0.364350453, 0.364350453, 0.364350453, 0.318429003, 0.364350453]
[0.184258694, 0.184258694, 0.1219036, 0.0, 0.0, 0.425259304, 0.660768761, 0.0, 0.0, 0.184258694, 0.621720561, 0.0, 0.0, 0.0, 0.0, 0.0, 0.184258694, 0.184258694, 0.0, 0.276021965, 0.184258694, 0.184258694, 0.862721171, 0.255155583, 0.425259304, 0.425259304, 0.425259304, 0.425259304, 0.362294082, 0.425259304]
[0.184258694, 0.184258694, 0.1219036, 0.0, 0.0, 0.425259304, 0.660768761, 0.0, 0.0, 0.184258694, 0.621720561, 0.0, 0.0, 0.0, 0.0, 0.0, 0.184258694, 0.184258694, 0.0, 0.276021965, 0.184258694, 0.184258694, 0.862721171, 0.255155583, 0.425259304, 0.425259304, 0.425259304, 0.425259304, 0.362294082, 0.425259304]
[0.183293269, 0.183293269, 0.163100962, 0.0, 0.0, 0.460336538, 0.662259615, 0.0, 0.0, 0.355168269, 0.641225962, 0.0, 0.0, 0.0, 0.0, 0.0, 0.183293269, 0.183293269, 0.0, 0.360576923, 0.355168269, 0.183293269, 0.918269231, 0.276201923, 0.460336538, 0.460336538, 0.460336538, 0.460336538, 0.431370192, 0.460336538]
[0.183293269, 0.183293269, 0.163100962, 0.0, 0.0, 0.460336538, 0.662259615, 0.0, 0.0, 0.355168269, 0.641225962, 0.0, 0.0, 0.0, 0.0, 0.0, 0.183293269, 0.183293269, 0.0, 0.360576923, 0.355168269, 0.183293269, 0.918269231, 0.276201923, 0.460336538, 0.460336538, 0.460336538, 0.460336538, 0.431370192, 0.460336538]
[0.175522388, 0.345074627, 0.200119403, 0.0, 0.0, 0.486567164, 0.631641791, 0.0, 0.0, 0.344477612, 0.63641791, 0.0, 0.0, 0.0, 0.0, 0.0, 0.175522388, 0.175522388, 0.0, 0.33241791, 0.344477612, 0.175522388, 0.947462687, 0.291940299, 0.486567164, 0.486567164, 0.486567164, 0.486567164, 0.442626866, 0.486567164]
[0.175522388, 0.345074627, 0.200119403, 0.0, 0.0, 0.486567164, 0.631641791, 0.0, 0.0, 0.344477612, 0.63641791, 0.0, 0.0, 0.0, 0.0, 0.0, 0.175522388, 0.175522388, 0.0, 0.33241791, 0.344477612, 0.175522388, 0.947462687, 0.291940299, 0.486567164, 0.486567164, 0.486567164, 0.486567164, 0.442626866, 0.486567164]
[0.0, 0.0, 0.048444173, 0.0, 0.0, 0.408785845, 0.603416718, 0.0, 0.0, 0.0, 0.52104942, 0.0, 0.0, 0.0, 0.0, 0.0, 0.0, 0.0, 0.166564979, 0.163514338, 0.0, 0.0, 0.929835265, 0.178645516, 0.242220866, 0.242220866, 0.242220866, 0.242220866, 0.300915192, 0.242220866]
[0.0, 0.0, 0.048444173, 0.0, 0.0, 0.408785845, 0.603416718, 0.0, 0.0, 0.0, 0.52104942, 0.0, 0.0, 0.0, 0.0, 0.0, 0.0, 0.0, 0.166564979, 0.163514338, 0.0, 0.0, 0.929835265, 0.178645516, 0.242220866, 0.242220866, 0.242220866, 0.242220866, 0.300915192, 0.242220866]
[0.167450059, 0.167450059, 0.113278496, 0.0, 0.0, 0.669212691, 0.512338425, 0.0, 0.0, 0.167450059, 0.549353702, 0.0, 0.0, 0.0, 0.0, 0.0, 0.167450059, 0.167450059, 0.27027027, 0.3346651, 0.167450059, 0.167450059, 1.051116334, 0.293419506, 0.398942421, 0.398942421, 0.398942421, 0.398942421, 0.410458284, 0.398942421]
[0.167450059, 0.167450059, 0.113278496, 0.0, 0.0, 0.669212691, 0.512338425, 0.0, 0.0, 0.167450059, 0.549353702, 0.0, 0.0, 0.0, 0.0, 0.0, 0.167450059, 0.167450059, 0.27027027, 0.3346651, 0.167450059, 0.167450059, 1.051116334, 0.293419506, 0.398942421, 0.398942421, 0.398942421, 0.398942421, 0.410458284, 0.398942421]
[0.176724138, 0.176724138, 0.115086207, 0.0, 0.0, 0.640086207, 0.510237069, 0.0, 0.0, 0.176724138, 0.539331897, 0.0, 0.0, 0.0, 0.0, 0.0, 0.176724138, nan, 0.24137931, 0.365517241, 0.176724138, 0.176724138, 1.002693966, 0.2875, 0.398706897, 0.398706897, 0.398706897, 0.398706897, 0.404310345, 0.398706897]
[0.176724138, 0.176724138, 0.115086207, 0.0, 0.0, 0.640086207, 0.510237069, 0.0, 0.0, 0.176724138, 0.539331897, 0.0, 0.0, 0.0, 0.0, 0.0, 0.176724138, 0.355948276, 0.24137931, 0.365517241, 0.176724138, 0.176724138, 1.002693966, 0.2875, 0.398706897, 0.398706897, 0.398706897, 0.398706897, 0.404310345, 0.398706897]
[0.159912377, 0.159912377, 0.145454545, 0.0, 0.0, 0.721248631, 0.431544359, 0.0, 0.0, 0.317634173, 0.595837897, 0.0, 0.0, 0.0, 0.0, 0.0, 0.159912377, 0.159912377, 0.311610077, 0.512267251, 0.317634173, 0.159912377, 1.157174151, 0.308105148, 0.409638554, 0.409638554, 0.409638554, 0.409638554, 0.462102957, 0.409638554]
[0.159912377, 0.159912377, 0.145454545, 0.0, 0.0, 0.721248631, 0.431544359, 0.0, 0.0, 0.317634173, 0.595837897, 0.0, 0.0, 0.0, 0.0, 0.0, 0.159912377, 0.159912377, 0.311610077, 0.512267251, 0.317634173, 0.159912377, 1.157174151, 0.308105148, 0.409638554, 0.409638554, 0.409638554, 0.409638554, 0.462102957, 0.409638554]
[0.160752688, 0.160752688, 0.116021505, 0.0, 0.0, 0.787096774, 0.447849462, 0.0, 0.0, 0.160752688, 0.539247312, nan, 0.0, 0.0, 0.0, 0.0, 0.160752688, 0.160752688, 0.367741935, 0.519032258, 0.160752688, 0.160752688, 1.165591398, 0.32516129, 0.419354839, 0.419354839, 0.419354839, 0.419354839, 0.451935484, 0.419354839]
[0.160752688, 0.160752688, 0.116021505, 0.0, 0.0, 0.787096774, 0.447849462, 0.0, 0.0, 0.160752688, 0.539247312, 0.3050537632, 0.0, 0.0, 0.0, 0.0, 0.160752688, 0.160752688, 0.367741935, 0.519032258, 0.160752688, 0.160752688, 1.165591398, 0.32516129, 0.419354839, 0.419354839, 0.419354839, 0.419354839, 0.451935484, 0.419354839]
[0.179564692, 0.179564692, 0.1095526, 0.0, 0.0, 0.667472793, 0.518137848, 0.0, 0.0, 0.179564692, 0.610640871, 0.0, 0.0, 0.0, 0.0, 0.0, 0.179564692, 0.179564692, 0.299274486, 0.445102781, 0.179564692, 0.179564692, 1.098548972, 0.280773881, 0.368198307, 0.368198307, 0.368198307, 0.368198307, 0.400604595, 0.368198307]
[0.179564692, 0.179564692, 0.1095526, 0.0, 0.0, 0.667472793, 0.518137848, 0.0, 0.0, 0.179564692, 0.610640871, 0.0, 0.0, 0.0, 0.0, 0.0, 0.179564692, 0.179564692, 0.299274486, 0.445102781, 0.179564692, 0.179564692, 1.098548972, 0.280773881, 0.368198307, 0.368198307, 0.368198307, 0.368198307, 0.400604595, 0.368198307]
[0.046283988, 0.480966767, 0.480966767, 0.075528701, 0.132326284, 0.016314199, 0.480966767, 0.016314199, 0.480966767, 0.075528701, 0.132326284, 0.075528701, 0.075528701, 0.480966767, 0.021752266, 0.075528701, 0.132326284, 0.480966767, 0.075528701, nan, 0.480966767, 0.016314199, 0.032024169, 0.003625378, 0.003625378, 0.032024169, 0.132326284, 0.132326284, 0.016314199, 0.075528701]
[0.046283988, 0.480966767, 0.480966767, 0.075528701, 0.132326284, 0.016314199, 0.480966767, 0.016314199, 0.480966767, 0.075528701, 0.132326284, 0.075528701, 0.075528701, 0.480966767, 0.021752266, 0.075528701, 0.132326284, 0.480966767, 0.075528701, 0.054501510399999994, 0.480966767, 0.016314199, 0.032024169, 0.003625378, 0.003625378, 0.032024169, 0.132326284, 0.132326284, 0.016314199, 0.075528701]
[0.072117145, 0.319707138, 0.319707138, 0.098230628, 0.154362416, 0.031116534, 0.319707138, 0.031116534, 0.319707138, 0.098230628, nan, 0.098230628, 0.098230628, 0.319707138, 0.050640635, 0.098230628, 0.154362416, 0.319707138, 0.100671141, 0.098230628, 0.319707138, 0.031116534, 0.06528371, 0.008541794, 0.008541794, 0.06528371, 0.154362416, 0.154362416, 0.031116534, 0.098230628]
[0.072117145, 0.319707138, 0.319707138, 0.098230628, 0.154362416, 0.031116534, 0.319707138, 0.031116534, 0.319707138, 0.098230628, 0.1353752286, 0.098230628, 0.098230628, 0.319707138, 0.050640635, 0.098230628, 0.154362416, 0.319707138, 0.100671141, 0.098230628, 0.319707138, 0.031116534, 0.06528371, 0.008541794, 0.008541794, 0.06528371, 0.154362416, 0.154362416, 0.031116534, 0.098230628]
[0.096153846, 0.231971154, 0.231971154, 0.129807692, 0.135216346, 0.046875, 0.231971154, 0.046875, nan, 0.129807692, 0.135216346, 0.129807692, 0.129807692, 0.231971154, 0.057692308, 0.129807692, 0.135216346, 0.231971154, 0.110576923, 0.129807692, 0.231971154, 0.046875, 0.096754808, 0.0234375, 0.0234375, 0.096754808, 0.135216346, 0.135216346, 0.046875, 0.129807692]
[0.096153846, 0.231971154, 0.231971154, 0.129807692, 0.135216346, 0.046875, 0.231971154, 0.046875, 0.0817307692, 0.129807692, 0.135216346, 0.129807692, 0.129807692, 0.231971154, 0.057692308, 0.129807692, 0.135216346, 0.231971154, 0.110576923, 0.129807692, 0.231971154, 0.046875, 0.096754808, 0.0234375, 0.0234375, 0.096754808, 0.135216346, 0.135216346, 0.046875, 0.129807692]
[0.10519403, 0.180895522, 0.180895522, 0.137910448, 0.133731343, 0.051343284, 0.180895522, nan, nan, 0.137910448, 0.133731343, 0.137910448, 0.137910448, 0.180895522, 0.075223881, 0.137910448, nan, 0.180895522, 0.097910448, 0.137910448, 0.180895522, 0.051343284, 0.119402985, 0.037014925, 0.037014925, 0.119402985, 0.133731343, 0.133731343, 0.051343284, 0.137910448]
[0.10519403, 0.180895522, 0.180895522, 0.137910448, 0.133731343, 0.051343284, 0.180895522, 0.1295999998, 0.0931343284, 0.137910448, 0.133731343, 0.137910448, 0.137910448, 0.180895522, 0.075223881, 0.137910448, 0.135402985, 0.180895522, 0.097910448, 0.137910448, 0.180895522, 0.051343284, 0.119402985, 0.037014925, 0.037014925, 0.119402985, 0.133731343, 0.133731343, 0.051343284, 0.137910448]
[0.107992678, 0.188529591, 0.188529591, 0.128737035, 0.118364857, 0.064673581, 0.188529591, nan, nan, 0.128737035, 0.118364857, 0.128737035, 0.128737035, 0.188529591, 0.072605247, 0.128737035, 0.118364857, 0.188529591, 0.098840757, 0.128737035, 0.188529591, 0.064673581, nan, 0.043319097, 0.043319097, 0.12385601, 0.118364857, 0.118364857, 0.064673581, 0.128737035]
[0.107992678, 0.188529591, 0.188529591, 0.128737035, 0.118364857, 0.064673581, 0.188529591, 0.1221476512, 0.09359365480000001, 0.128737035, 0.118364857, 0.128737035, 0.128737035, 0.188529591, 0.072605247, 0.128737035, 0.118364857, 0.188529591, 0.098840757, 0.128737035, 0.188529591, 0.064673581, 0.12402684559999999, 0.043319097, 0.043319097, 0.12385601, 0.118364857, 0.118364857, 0.064673581, 0.128737035]
[0.12479436, 0.117508813, 0.117508813, 0.135722679, 0.107520564, 0.069917744, 0.117508813, 0.069917744, 0.117508813, 0.135722679, 0.107520564, 0.135722679, 0.135722679, 0.117508813, 0.084606345, nan, 0.107520564, 0.117508813, 0.116333725, 0.135722679, 0.117508813, 0.069917744, 0.150998825, 0.059341951, 0.059341951, 0.150998825, 0.107520564, 0.107520564, 0.069917744, 0.135722679]
[0.12479436, 0.117508813, 0.117508813, 0.135722679, 0.107520564, 0.069917744, 0.117508813, 0.069917744, 0.117508813, 0.135722679, 0.107520564, 0.135722679, 0.135722679, 0.117508813, 0.084606345, 0.11083431259999998, 0.107520564, 0.117508813, 0.116333725, 0.135722679, 0.117508813, 0.069917744, 0.150998825, 0.059341951, 0.059341951, 0.150998825, 0.107520564, 0.107520564, 0.069917744, 0.135722679]
[0.134051724, 0.101831897, 0.101831897, 0.141163793, 0.114224138, 0.072737069, 0.101831897, nan, nan, 0.141163793, 0.114224138, 0.141163793, 0.141163793, 0.101831897, 0.06950431, 0.141163793, 0.114224138, 0.101831897, nan, 0.141163793, 0.101831897, 0.072737069, 0.177262931, 0.070581897, 0.070581897, 0.177262931, 0.114224138, 0.114224138, 0.072737069, 0.141163793]
[0.134051724, 0.101831897, 0.101831897, 0.141163793, 0.114224138, 0.072737069, 0.101831897, 0.1334051724, 0.10831896560000001, 0.141163793, 0.114224138, 0.141163793, 0.141163793, 0.101831897, 0.06950431, 0.141163793, 0.114224138, 0.101831897, 0.12898706899999998, 0.141163793, 0.101831897, 0.072737069, 0.177262931, 0.070581897, 0.070581897, 0.177262931, 0.114224138, 0.114224138, 0.072737069, 0.141163793]
[0.13713034, 0.083789704, 0.083789704, 0.141292442, 0.080503834, 0.059693319, 0.083789704, 0.059693319, 0.083789704, 0.141292442, 0.080503834, 0.141292442, 0.141292442, 0.083789704, 0.090361446, 0.141292442, nan, 0.083789704, 0.087075575, 0.141292442, 0.083789704, 0.059693319, 0.198795181, 0.095290252, 0.095290252, 0.198795181, 0.080503834, 0.080503834, 0.059693319, 0.141292442]
[0.13713034, 0.083789704, 0.083789704, 0.141292442, 0.080503834, 0.059693319, 0.083789704, 0.059693319, 0.083789704, 0.141292442, 0.080503834, 0.141292442, 0.141292442, 0.083789704, 0.090361446, 0.141292442, 0.16429353779999997, 0.083789704, 0.087075575, 0.141292442, 0.083789704, 0.059693319, 0.198795181, 0.095290252, 0.095290252, 0.198795181, 0.080503834, 0.080503834, 0.059693319, 0.141292442]
[0.143978495, 0.050537634, 0.050537634, 0.122580645, 0.072043011, 0.061827957, 0.050537634, 0.061827957, 0.050537634, 0.122580645, 0.072043011, 0.122580645, 0.122580645, 0.050537634, 0.07311828, 0.122580645, 0.072043011, 0.050537634, 0.068817204, 0.122580645, 0.050537634, 0.061827957, 0.233333333, 0.160752688, 0.160752688, 0.233333333, 0.072043011, 0.072043011, 0.061827957, 0.122580645]
[0.143978495, 0.050537634, 0.050537634, 0.122580645, 0.072043011, 0.061827957, 0.050537634, 0.061827957, 0.050537634, 0.122580645, 0.072043011, 0.122580645, 0.122580645, 0.050537634, 0.07311828, 0.122580645, 0.072043011, 0.050537634, 0.068817204, 0.122580645, 0.050537634, 0.061827957, 0.233333333, 0.160752688, 0.160752688, 0.233333333, 0.072043011, 0.072043011, 0.061827957, 0.122580645]
[0.148730351, 0.033252721, 0.033252721, 0.111245466, 0.050181378, 0.062273277, 0.033252721, 0.062273277, 0.033252721, nan, 0.050181378, nan, 0.111245466, 0.033252721, 0.071946796, 0.111245466, 0.050181378, 0.033252721, 0.051390568, 0.111245466, 0.033252721, 0.062273277, 0.259371221, 0.201330109, 0.201330109, 0.259371221, 0.050181378, 0.050181378, 0.062273277, 0.111245466]
[0.148730351, 0.033252721, 0.033252721, 0.111245466, 0.050181378, 0.062273277, 0.033252721, 0.062273277, 0.033252721, 0.1602902056, 0.050181378, 0.061426844, 0.111245466, 0.033252721, 0.071946796, 0.111245466, 0.050181378, 0.033252721, 0.051390568, 0.111245466, 0.033252721, 0.062273277, 0.259371221, 0.201330109, 0.201330109, 0.259371221, 0.050181378, 0.050181378, 0.062273277, 0.111245466]
[0.028398792, 0.019335347, 0.006042296, 0.017522659, 0.023564955, 0.012688822, 0.019939577, 0.024773414, 0.0, 0.007371601, 0.023564955, 0.024048338, 0.010271903, 0.017522659, 0.019335347, 0.021752266, 0.012688822, nan, 0.020543807, 0.019335347, 0.094259819, 0.018731118, 0.0, 0.094259819, 0.029003021, 0.0, 0.019939577, 0.029003021, 0.006646526, 0.024773414]
[0.028398792, 0.019335347, 0.006042296, 0.017522659, 0.023564955, 0.012688822, 0.019939577, 0.024773414, 0.0, 0.007371601, 0.023564955, 0.024048338, 0.010271903, 0.017522659, 0.019335347, 0.021752266, 0.012688822, 0.013945619400000001, 0.020543807, 0.019335347, 0.094259819, 0.018731118, 0.0, 0.094259819, 0.029003021, 0.0, 0.019939577, 0.029003021, 0.006646526, 0.024773414]
[0.028676022, 0.018303844, 0.0, 0.012812691, 0.017693716, 0.010372178, 0.007931666, 0.031726663, 0.011592434, 0.005979256, 0.017693716, 0.018547895, 0.008541794, 0.00976205, 0.018303844, 0.029896278, 0.010372178, 0.021964613, 0.017083588, 0.018303844, 0.069554606, 0.021964613, 0.0, 0.069554606, 0.034167175, 0.0, 0.007931666, 0.034167175, 0.007321538, 0.031726663]
[0.028676022, 0.018303844, 0.0, 0.012812691, 0.017693716, 0.010372178, 0.007931666, 0.031726663, 0.011592434, 0.005979256, 0.017693716, 0.018547895, 0.008541794, 0.00976205, 0.018303844, 0.029896278, 0.010372178, 0.021964613, 0.017083588, 0.018303844, 0.069554606, 0.021964613, 0.0, 0.069554606, 0.034167175, 0.0, 0.007931666, 0.034167175, 0.007321538, 0.031726663]
[0.019230769, 0.016225962, 0.0078125, 0.012620192, 0.016225962, 0.015625, 0.006610577, 0.032451923, 0.019831731, 0.008774038, 0.016225962, nan, 0.009014423, 0.009615385, 0.016225962, 0.029447115, 0.006610577, 0.020432692, 0.022836538, 0.016225962, 0.0546875, 0.020432692, 0.0, 0.0546875, 0.031850962, 0.006610577, 0.006610577, 0.031850962, 0.012620192, 0.032451923]
[0.019230769, 0.016225962, 0.0078125, 0.012620192, 0.016225962, 0.015625, 0.006610577, 0.032451923, 0.019831731, 0.008774038, 0.016225962, 0.021634615200000002, 0.009014423, 0.009615385, 0.016225962, 0.029447115, 0.006610577, 0.020432692, 0.022836538, 0.016225962, 0.0546875, 0.020432692, 0.0, 0.0546875, 0.031850962, 0.006610577, 0.006610577, 0.031850962, 0.012620192, 0.032451923]
[0.022686567, 0.019104478, 0.007164179, 0.010746269, nan, 0.014925373, nan, nan, 0.012537313, 0.006686567, 0.020298507, 0.014328358, 0.008955224, 0.011343284, 0.019104478, 0.029253731, 0.007164179, 0.013134328, 0.021492537, 0.019104478, 0.042985075, 0.013134328, 0.0, 0.042985075, 0.035820896, 0.0, 0.008358209, 0.035820896, 0.014925373, 0.029253731]
[0.022686567, 0.019104478, 0.007164179, 0.010746269, 0.007976119399999999, 0.014925373, 0.012680596999999998, 0.0083582088, 0.012537313, 0.006686567, 0.020298507, 0.014328358, 0.008955224, 0.011343284, 0.019104478, 0.029253731, 0.007164179, 0.013134328, 0.021492537, 0.019104478, 0.042985075, 0.013134328, 0.0, 0.042985075, 0.035820896, 0.0, 0.008358209, 0.035820896, 0.014925373, 0.029253731]
[0.025015253, 0.026235509, 0.011592434, 0.009151922, 0.015863331, 0.016473459, 0.0, 0.030506406, 0.010372178, 0.004392923, 0.015863331, 0.012202563, 0.012812691, 0.008541794, 0.026235509, 0.023794997, 0.0, 0.012202563, 0.018913972, 0.026235509, 0.034167175, 0.012202563, 0.007931666, 0.034167175, 0.042098841, 0.0, 0.0, 0.042098841, 0.017693716, 0.030506406]
[0.025015253, 0.026235509, 0.011592434, 0.009151922, 0.015863331, 0.016473459, 0.0, 0.030506406, 0.010372178, 0.004392923, 0.015863331, 0.012202563, 0.012812691, 0.008541794, 0.026235509, 0.023794997, 0.0, 0.012202563, 0.018913972, 0.026235509, 0.034167175, 0.012202563, 0.007931666, 0.034167175, 0.042098841, 0.0, 0.0, 0.042098841, 0.017693716, 0.030506406]
[0.03172738, 0.016451234, 0.011750881, 0.008225617, 0.017038778, 0.009400705, 0.006462985, 0.022326675, 0.012338425, 0.004230317, 0.017038778, 0.010810811, 0.007050529, 0.007050529, 0.016451234, 0.028789659, 0.012338425, 0.011163337, 0.024676851, 0.016451234, 0.028789659, 0.011163337, 0.0, 0.028789659, 0.049353702, 0.006462985, 0.006462985, 0.049353702, 0.015276146, 0.022326675]
[0.03172738, 0.016451234, 0.011750881, 0.008225617, 0.017038778, 0.009400705, 0.006462985, 0.022326675, 0.012338425, 0.004230317, 0.017038778, 0.010810811, 0.007050529, 0.007050529, 0.016451234, 0.028789659, 0.012338425, 0.011163337, 0.024676851, 0.016451234, 0.028789659, 0.011163337, 0.0, 0.028789659, 0.049353702, 0.006462985, 0.006462985, 0.049353702, 0.015276146, 0.022326675]
[0.037176724, 0.023706897, 0.009698276, 0.006465517, 0.010237069, 0.013469828, 0.006465517, 0.028017241, 0.011314655, 0.002586207, 0.010237069, 0.010452586, 0.006465517, 0.012931034, 0.023706897, 0.035021552, 0.012392241, 0.007543103, 0.021012931, 0.023706897, 0.029633621, 0.007543103, 0.009698276, 0.029633621, 0.060883621, 0.00862069, 0.006465517, 0.060883621, 0.016163793, 0.028017241]
[0.037176724, 0.023706897, 0.009698276, 0.006465517, 0.010237069, 0.013469828, 0.006465517, 0.028017241, 0.011314655, 0.002586207, 0.010237069, 0.010452586, 0.006465517, 0.012931034, 0.023706897, 0.035021552, 0.012392241, 0.007543103, 0.021012931, 0.023706897, 0.029633621, 0.007543103, 0.009698276, 0.029633621, 0.060883621, 0.00862069, 0.006465517, 0.060883621, 0.016163793, 0.028017241]
[0.035596933, 0.019715225, 0.016429354, 0.008214677, 0.013143483, 0.016976999, 0.005476451, nan, 0.014238773, 0.003066813, 0.013143483, 0.009309967, 0.0, 0.009857612, 0.019715225, 0.034501643, 0.007667032, 0.006024096, 0.02354874, 0.019715225, 0.021905805, 0.006024096, 0.0, 0.021905805, 0.061883899, 0.009309967, 0.005476451, 0.061883899, 0.019715225, 0.019167579]
[0.035596933, 0.019715225, 0.016429354, 0.008214677, 0.013143483, 0.016976999, 0.005476451, 0.0116100766, 0.014238773, 0.003066813, 0.013143483, 0.009309967, 0.0, 0.009857612, 0.019715225, 0.034501643, 0.007667032, 0.006024096, 0.02354874, 0.019715225, 0.021905805, 0.006024096, 0.0, 0.021905805, 0.061883899, 0.009309967, 0.005476451, 0.061883899, 0.019715225, 0.019167579]
[0.035483871, 0.024731183, 0.014516129, 0.006989247, 0.011827957, nan, 0.0, 0.03172043, 0.016666667, 0.005698925, nan, 0.012150538, 0.007526882, 0.0, 0.024731183, 0.030107527, 0.008602151, 0.009139785, 0.02688172, 0.024731183, 0.019892473, 0.009139785, 0.005913978, 0.019892473, 0.047311828, 0.010752688, 0.0, 0.047311828, 0.022043011, 0.03172043]
[0.035483871, 0.024731183, 0.014516129, 0.006989247, 0.011827957, 0.0151612904, 0.0, 0.03172043, 0.016666667, 0.005698925, 0.018064516, 0.012150538, 0.007526882, 0.0, 0.024731183, 0.030107527, 0.008602151, 0.009139785, 0.02688172, 0.024731183, 0.019892473, 0.009139785, 0.005913978, 0.019892473, 0.047311828, 0.010752688, 0.0, 0.047311828, 0.022043011, 0.03172043]
[0.036275695, 0.033857316, 0.013301088, 0.0, 0.013905683, 0.012696493, 0.0, 0.024788392, 0.016928658, 0.002176542, 0.013905683, 0.010519952, 0.0, 0.007859734, 0.033857316, 0.033252721, 0.0, 0.006045949, 0.027811366, 0.033857316, 0.013301088, 0.006045949, 0.016928658, 0.013301088, 0.047762999, 0.013301088, 0.0, 0.047762999, 0.024183797, 0.024788392]
[0.036275695, 0.033857316, 0.013301088, 0.0, 0.013905683, 0.012696493, 0.0, 0.024788392, 0.016928658, 0.002176542, 0.013905683, 0.010519952, 0.0, 0.007859734, 0.033857316, 0.033252721, 0.0, 0.006045949, 0.027811366, 0.033857316, 0.013301088, 0.006045949, 0.016928658, 0.013301088, 0.047762999, 0.013301088, 0.0, 0.047762999, 0.024183797, 0.024788392]
[0.0, 0.0, 0.0, 0.0, 0.0, 0.0, 0.0, 0.0, 0.0, 0.0, 0.0, 0.0, 0.0, 0.0, 0.0, 0.0, 0.001329305, 0.0, 0.0, 0.0, 0.0, 0.0, 0.0, 0.0, 0.0, 0.0, 0.0, 0.0, 0.0, 0.0]
[0.0, 0.0, 0.0, 0.0, 0.0, 0.0, 0.0, 0.0, 0.0, 0.0, 0.0, 0.0, 0.0, 0.0, 0.0, 0.0, 0.001329305, 0.0, 0.0, 0.0, 0.0, 0.0, 0.0, 0.0, 0.0, 0.0, 0.0, 0.0, 0.0, 0.0]
[0.0, 0.0, 0.0, 0.0, 0.0, 0.0, 0.0, 0.0, 0.0, 0.0, 0.000732154, 0.000732154, 0.0, 0.0, 0.0, 0.0, 0.003050641, 0.0, nan, nan, 0.0, 0.0, 0.0, 0.0, 0.0, 0.0, 0.0, 0.0, 0.000732154, 0.0]
[0.0, 0.0, 0.0, 0.0, 0.0, 0.0, 0.0, 0.0, 0.0, 0.0, 0.000732154, 0.000732154, 0.0, 0.0, 0.0, 0.0, 0.003050641, 0.0, 0.00029286160000000004, 0.00014643080000000002, 0.0, 0.0, 0.0, 0.0, 0.0, 0.0, 0.0, 0.0, 0.000732154, 0.0]
[0.0, 0.0, 0.0, nan, 0.0, 0.0, 0.0, 0.0, 0.0, 0.0, 0.0, 0.0, 0.0, 0.0, 0.0, 0.0, nan, 0.0, 0.0, 0.000480769, 0.0, 0.0, 0.0, 0.0, 0.0, 0.0, 0.0, 0.0, 0.0, 0.0]
[0.0, 0.0, 0.0, 0.0, 0.0, 0.0, 0.0, 0.0, 0.0, 0.0, 0.0, 0.0, 0.0, 0.0, 0.0, 0.0, 0.0, 0.0, 0.0, 0.000480769, 0.0, 0.0, 0.0, 0.0, 0.0, 0.0, 0.0, 0.0, 0.0, 0.0]
[0.0, 0.0, 0.0, 0.0, 0.0, 0.0, 0.0, 0.0, 0.0, 0.0, 0.001671642, 0.002029851, 0.0, 0.0, 0.0, nan, 0.004179104, nan, 0.0, 0.001671642, 0.0, 0.0, 0.0, 0.0, 0.0, 0.0, 0.0, 0.0, 0.002029851, 0.0]
[0.0, 0.0, 0.0, 0.0, 0.0, 0.0, 0.0, 0.0, 0.0, 0.0, 0.001671642, 0.002029851, 0.0, 0.0, 0.0, 0.0, 0.004179104, 0.00033432840000000003, 0.0, 0.001671642, 0.0, 0.0, 0.0, 0.0, 0.0, 0.0, 0.0, 0.0, 0.002029851, 0.0]
[0.0, 0.0, 0.0, 0.0, 0.0, 0.0, 0.0, 0.0, 0.0, 0.0, 0.001464308, 0.001830384, 0.0, 0.0, 0.0, 0.0, 0.002440513, 0.0, 0.0, 0.001220256, 0.0, 0.0, 0.0, 0.0, 0.0, 0.0, 0.0, 0.0, 0.001342282, 0.0]
[0.0, 0.0, 0.0, 0.0, 0.0, 0.0, 0.0, 0.0, 0.0, 0.0, 0.001464308, 0.001830384, 0.0, 0.0, 0.0, 0.0, 0.002440513, 0.0, 0.0, 0.001220256, 0.0, 0.0, 0.0, 0.0, 0.0, 0.0, 0.0, 0.0, 0.001342282, 0.0]
[0.0, 0.0, 0.0, nan, 0.0, 0.0, 0.0, 0.0, 0.0, 0.0, 0.001527615, 0.001410106, 0.0, 0.0, 0.0, 0.0, 0.002820212, 0.0, 0.0, 0.001057579, 0.0, 0.0, 0.0, 0.0, 0.0, 0.0, 0.0, 0.0, 0.001880141, 0.0]
[0.0, 0.0, 0.0, 0.00047003519999999995, 0.0, 0.0, 0.0, 0.0, 0.0, 0.0, 0.001527615, 0.001410106, 0.0, 0.0, 0.0, 0.0, 0.002820212, 0.0, 0.0, 0.001057579, 0.0, 0.0, 0.0, 0.0, 0.0, 0.0, 0.0, 0.0, 0.001880141, 0.0]
[0.0, 0.0, 0.0, 0.0, 0.0, 0.0, 0.0, 0.0, 0.0, 0.0, 0.002801724, 0.001400862, 0.0, nan, 0.0, 0.0, 0.002909483, 0.0, 0.0, 0.001077586, 0.0, 0.0, 0.0, 0.0, 0.0, 0.0, 0.0, 0.0, 0.002155172, 0.0]
[0.0, 0.0, 0.0, 0.0, 0.0, 0.0, 0.0, 0.0, 0.0, 0.0, 0.002801724, 0.001400862, 0.0, 0.0015732758, 0.0, 0.0, 0.002909483, 0.0, 0.0, 0.001077586, 0.0, 0.0, 0.0, 0.0, 0.0, 0.0, 0.0, 0.0, 0.002155172, 0.0]
[0.0, 0.0, 0.0, nan, 0.0, 0.0, 0.0, 0.0, 0.0, 0.0, 0.001533406, 0.000766703, 0.0, 0.0, 0.0, 0.0, 0.002957284, 0.0, 0.0, 0.001423877, 0.0, 0.0, 0.0, 0.0, 0.0, 0.0, 0.0, 0.0, 0.000766703, 0.0]
[0.0, 0.0, 0.0, 0.0, 0.0, 0.0, 0.0, 0.0, 0.0, 0.0, 0.001533406, 0.000766703, 0.0, 0.0, 0.0, 0.0, 0.002957284, 0.0, 0.0, 0.001423877, 0.0, 0.0, 0.0, 0.0, 0.0, 0.0, 0.0, 0.0, 0.000766703, 0.0]
[0.0, 0.0, 0.0, 0.0, nan, 0.0, 0.0, nan, 0.0, 0.0, 0.0, 0.0, 0.0, 0.0, 0.0, 0.0, 0.002473118, 0.0, 0.0, 0.000967742, 0.0, 0.0, 0.0, 0.0, 0.0, 0.0, 0.0, 0.0, 0.0, 0.0]
[0.0, 0.0, 0.0, 0.0, 0.0026666666, 0.0, 0.0, 0.0, 0.0, 0.0, 0.0, 0.0, 0.0, 0.0, 0.0, 0.0, 0.002473118, 0.0, 0.0, 0.000967742, 0.0, 0.0, 0.0, 0.0, 0.0, 0.0, 0.0, 0.0, 0.0, 0.0]
[0.0, 0.0, 0.0, 0.0, 0.0, 0.0, 0.0, 0.0, 0.0, 0.0, 0.000604595, 0.000604595, 0.0, 0.0, 0.0, nan, nan, nan, 0.0, 0.000604595, 0.0, 0.0, 0.0, 0.0, 0.0, 0.0, 0.0, 0.0, 0.000604595, 0.0]
[0.0, 0.0, 0.0, 0.0, 0.0, 0.0, 0.0, 0.0, 0.0, 0.0, 0.000604595, 0.000604595, 0.0, 0.0, 0.0, 0.0, 0.0, 0.000120919, 0.0, 0.000604595, 0.0, 0.0, 0.0, 0.0, 0.0, 0.0, 0.0, 0.0, 0.000604595, 0.0]
[0.0, 0.0, 0.0, 0.0, 0.0, 0.0, 0.0, 0.0, 0.0, 0.0, 0.0, 0.0, 0.0, 0.0, 0.0, 0.0, 0.0, 0.0, 0.0, 0.0, 0.0, 0.0, 0.0, 0.0, 0.0, 0.0, 0.0, 0.0, 0.0, 0.0]
[0.0, 0.0, 0.0, 0.0, 0.0, 0.0, 0.0, 0.0, 0.0, 0.0, 0.0, 0.0, 0.0, 0.0, 0.0, 0.0, 0.0, 0.0, 0.0, 0.0, 0.0, 0.0, 0.0, 0.0, 0.0, 0.0, 0.0, 0.0, 0.0, 0.0]
[0.0, 0.0, 0.0, 0.0, 0.0, 0.0, 0.0, 0.0, 0.0, 0.0, 0.0, 0.0, 0.0, 0.0, 0.000488103, 0.0, 0.0, 0.0, 0.0, 0.0, 0.0, 0.0, 0.0, 0.0, 0.0, 0.0, 0.0, 0.0, 0.0, 0.0]
[0.0, 0.0, 0.0, 0.0, 0.0, 0.0, 0.0, 0.0, 0.0, 0.0, 0.0, 0.0, 0.0, 0.0, 0.000488103, 0.0, 0.0, 0.0, 0.0, 0.0, 0.0, 0.0, 0.0, 0.0, 0.0, 0.0, 0.0, 0.0, 0.0, 0.0]
[0.0, 0.001442308, 0.0, 0.0, 0.0, 0.0, 0.0, 0.0, 0.0, 0.0, 0.0, 0.0, 0.0, 0.0, 0.0, 0.0, 0.0, 0.0, 0.0, 0.0, 0.0, 0.0, 0.0, 0.0, 0.0, 0.0, 0.0, 0.0, 0.0, 0.0]
[0.0, 0.001442308, 0.0, 0.0, 0.0, 0.0, 0.0, 0.0, 0.0, 0.0, 0.0, 0.0, 0.0, 0.0, 0.0, 0.0, 0.0, 0.0, 0.0, 0.0, 0.0, 0.0, 0.0, 0.0, 0.0, 0.0, 0.0, 0.0, 0.0, 0.0]
[0.0, 0.0, 0.0, 0.0, 0.0, 0.0, 0.0, 0.0, 0.0, 0.0, 0.0, 0.0, 0.0, 0.0, 0.0, 0.0, 0.0, 0.0, 0.0, 0.0, 0.0, 0.0, 0.0, 0.0, 0.0, 0.0, 0.0, 0.0, 0.0, 0.0]
[0.0, 0.0, 0.0, 0.0, 0.0, 0.0, 0.0, 0.0, 0.0, 0.0, 0.0, 0.0, 0.0, 0.0, 0.0, 0.0, 0.0, 0.0, 0.0, 0.0, 0.0, 0.0, 0.0, 0.0, 0.0, 0.0, 0.0, 0.0, 0.0, 0.0]
[0.0, 0.000976205, 0.0, 0.0, 0.0, 0.0, 0.0, 0.0, 0.0, 0.0, 0.0, 0.0, 0.0, 0.0, 0.0, 0.0, 0.0, 0.0, 0.0, 0.0, 0.0, 0.0, 0.0, 0.0, 0.0, 0.0, 0.0, 0.0, 0.0, 0.0]
[0.0, 0.000976205, 0.0, 0.0, 0.0, 0.0, 0.0, 0.0, 0.0, 0.0, 0.0, 0.0, 0.0, 0.0, 0.0, 0.0, 0.0, 0.0, 0.0, 0.0, 0.0, 0.0, 0.0, 0.0, 0.0, 0.0, 0.0, 0.0, 0.0, 0.0]
[0.0, 0.0, 0.0, 0.0, 0.0, 0.0, 0.0, 0.0, 0.0, 0.0, 0.0, 0.0, 0.0, 0.0, 0.0, 0.0, 0.0, 0.0, 0.0, 0.0, 0.0, 0.0, 0.0, 0.0, 0.0, 0.0, 0.0, 0.0, 0.0, 0.0]
[0.0, 0.0, 0.0, 0.0, 0.0, 0.0, 0.0, 0.0, 0.0, 0.0, 0.0, 0.0, 0.0, 0.0, 0.0, 0.0, 0.0, 0.0, 0.0, 0.0, 0.0, 0.0, 0.0, 0.0, 0.0, 0.0, 0.0, 0.0, 0.0, 0.0]
[0.0, 0.0, 0.0, 0.0, 0.0, 0.0, 0.0, 0.0, 0.0, 0.0, 0.0, 0.0, 0.0, 0.0, 0.0, 0.0, 0.0, 0.0, 0.0, 0.0, 0.0, 0.0, 0.0, 0.0, 0.0, 0.0, 0.0, 0.0, 0.0, 0.0]
[0.0, 0.0, 0.0, 0.0, 0.0, 0.0, 0.0, 0.0, 0.0, 0.0, 0.0, 0.0, 0.0, 0.0, 0.0, 0.0, 0.0, 0.0, 0.0, 0.0, 0.0, 0.0, 0.0, 0.0, 0.0, 0.0, 0.0, 0.0, 0.0, 0.0]
[0.0, 0.0, 0.0, 0.0, 0.0, 0.0, 0.0, 0.0, 0.0, 0.0, 0.0, 0.0, 0.0, 0.0, 0.0, 0.0, 0.0, 0.0, 0.0, 0.0, 0.0, nan, 0.0, 0.0, 0.0, 0.0, 0.0, 0.0, 0.0, 0.0]
[0.0, 0.0, 0.0, 0.0, 0.0, 0.0, 0.0, 0.0, 0.0, 0.0, 0.0, 0.0, 0.0, 0.0, 0.0, 0.0, 0.0, 0.0, 0.0, 0.0, 0.0, 0.0, 0.0, 0.0, 0.0, 0.0, 0.0, 0.0, 0.0, 0.0]
[0.0, 0.0, 0.0, 0.0, 0.0, 0.0, 0.0, 0.0, 0.0, 0.0, 0.0, 0.0, 0.0, 0.0, 0.0, 0.0, 0.0, 0.0, 0.0, 0.0, 0.0, 0.0, 0.0, 0.0, 0.0, 0.0, 0.0, 0.0, 0.0, 0.0]
[0.0, 0.0, 0.0, 0.0, 0.0, 0.0, 0.0, 0.0, 0.0, 0.0, 0.0, 0.0, 0.0, 0.0, 0.0, 0.0, 0.0, 0.0, 0.0, 0.0, 0.0, 0.0, 0.0, 0.0, 0.0, 0.0, 0.0, 0.0, 0.0, 0.0]
[0.0, 0.0, 0.0, 0.0, 0.0, 0.0, 0.0, 0.0, 0.0, 0.0, 0.0, 0.0, 0.0, 0.0, 0.0, 0.0, 0.0, 0.0, 0.0, 0.0, 0.0, 0.0, 0.0, 0.0, 0.0, 0.0, 0.0, 0.0, 0.0, 0.0]
[0.0, 0.0, 0.0, 0.0, 0.0, 0.0, 0.0, 0.0, 0.0, 0.0, 0.0, 0.0, 0.0, 0.0, 0.0, 0.0, 0.0, 0.0, 0.0, 0.0, 0.0, 0.0, 0.0, 0.0, 0.0, 0.0, 0.0, 0.0, 0.0, 0.0]
[0.0, 0.0, 0.0, 0.0, 0.0, 0.0, 0.0, 0.0, 0.0, 0.0, 0.0, 0.0, 0.0, 0.0, 0.0, 0.0, 0.0, 0.0, 0.0, 0.0, 0.0, nan, 0.0, 0.0, 0.0, 0.0, 0.0, 0.0, 0.0, 0.0]
[0.0, 0.0, 0.0, 0.0, 0.0, 0.0, 0.0, 0.0, 0.0, 0.0, 0.0, 0.0, 0.0, 0.0, 0.0, 0.0, 0.0, 0.0, 0.0, 0.0, 0.0, 0.0, 0.0, 0.0, 0.0, 0.0, 0.0, 0.0, 0.0, 0.0]
[0.0, 0.0, 0.0, 0.0, 0.0, 0.0, 0.0, 0.0, 0.0, 0.0, 0.0, 0.0, 0.0, 0.0, 0.0, nan, nan, nan, nan, 0.0, 0.0, nan, 0.0, 0.0, 0.0, 0.0, 0.0, 0.0, 0.0, 0.0]
[0.0, 0.0, 0.0, 0.0, 0.0, 0.0, 0.0, 0.0, 0.0, 0.0, 0.0, 0.0, 0.0, 0.0, 0.0, 0.0, 0.0, 0.0, 0.0, 0.0, 0.0, 0.0, 0.0, 0.0, 0.0, 0.0, 0.0, 0.0, 0.0, 0.0]
[0.0, 0.0, 0.0, 0.0, 0.0, 0.0, 0.0, 0.0, 0.0, 0.0, 0.0, 0.0, 0.0, 0.0, 0.0, 0.0, nan, nan, 0.0, 0.0, 0.0, 0.0, 0.0, 0.0, 0.0, 0.0, 0.0, 0.0, 0.0, 0.0]
[0.0, 0.0, 0.0, 0.0, 0.0, 0.0, 0.0, 0.0, 0.0, 0.0, 0.0, 0.0, 0.0, 0.0, 0.0, 0.0, 0.0, 0.0, 0.0, 0.0, 0.0, 0.0, 0.0, 0.0, 0.0, 0.0, 0.0, 0.0, 0.0, 0.0]
[0.0, 0.0, 0.0, 0.0, 0.0, 0.0, 0.0, 0.0, 0.0, 0.0, 0.0, 0.0, 0.0, 0.0, 0.0, 0.0, 0.0, 0.0, 0.0, 0.0, 0.0, 0.0, 0.0, 0.0, 0.0, 0.0, 0.0, 0.0, 0.0, 0.0]
[0.0, 0.0, 0.0, 0.0, 0.0, 0.0, 0.0, 0.0, 0.0, 0.0, 0.0, 0.0, 0.0, 0.0, 0.0, 0.0, 0.0, 0.0, 0.0, 0.0, 0.0, 0.0, 0.0, 0.0, 0.0, 0.0, 0.0, 0.0, 0.0, 0.0]
[0.0, 0.0, 0.0, 0.0, 0.0, 0.0, 0.0, 0.0, 0.0, 0.0, 0.0, 0.0, 0.0, 0.0, 0.0, 0.0, 0.0, 0.0, 0.0, 0.0, 0.0, 0.0, 0.0, 0.0, 0.0, 0.0, 0.0, 0.0, 0.0, 0.0]
[0.0, 0.0, 0.0, 0.0, 0.0, 0.0, 0.0, 0.0, 0.0, 0.0, 0.0, 0.0, 0.0, 0.0, 0.0, 0.0, 0.0, 0.0, 0.0, 0.0, 0.0, 0.0, 0.0, 0.0, 0.0, 0.0, 0.0, 0.0, 0.0, 0.0]
[0.000352526, 0.0, 0.0, 0.0, 0.0, 0.0, 0.000352526, 0.0, 0.0, 0.0, 0.000352526, 0.0, 0.0, 0.0, 0.0, 0.0, 0.0, 0.0, 0.000352526, 0.0, 0.0, 0.0, 0.0, 0.0, 0.0, 0.0, 0.000352526, 0.0, 0.0, 0.0]
[0.000352526, 0.0, 0.0, 0.0, 0.0, 0.0, 0.000352526, 0.0, 0.0, 0.0, 0.000352526, 0.0, 0.0, 0.0, 0.0, 0.0, 0.0, 0.0, 0.000352526, 0.0, 0.0, 0.0, 0.0, 0.0, 0.0, 0.0, 0.000352526, 0.0, 0.0, 0.0]
[0.0, 0.0, 0.0, 0.0, 0.0, 0.0, 0.0, 0.0, 0.0, 0.0, 0.0, 0.0, 0.0, 0.0, 0.0, 0.0, 0.0, 0.0, 0.0, 0.0, 0.0, 0.0, 0.0, 0.0, 0.0, 0.0, 0.0, 0.0, 0.0, 0.0]
[0.0, 0.0, 0.0, 0.0, 0.0, 0.0, 0.0, 0.0, 0.0, 0.0, 0.0, 0.0, 0.0, 0.0, 0.0, 0.0, 0.0, 0.0, 0.0, 0.0, 0.0, 0.0, 0.0, 0.0, 0.0, 0.0, 0.0, 0.0, 0.0, 0.0]
[0.0, 0.0, 0.0, 0.0, 0.0, 0.0, 0.0, 0.0, 0.0, 0.0, 0.0, 0.0, 0.0, 0.0, 0.0, 0.0, 0.0, 0.0, 0.0, 0.0, 0.0, 0.0, 0.0, 0.0, 0.0, 0.0, 0.0, 0.0, 0.0, 0.0]
[0.0, 0.0, 0.0, 0.0, 0.0, 0.0, 0.0, 0.0, 0.0, 0.0, 0.0, 0.0, 0.0, 0.0, 0.0, 0.0, 0.0, 0.0, 0.0, 0.0, 0.0, 0.0, 0.0, 0.0, 0.0, 0.0, 0.0, 0.0, 0.0, 0.0]
[0.0, 0.0, 0.0, 0.0, 0.0, 0.0, 0.0, nan, 0.0, 0.0, 0.0, 0.0, 0.0, 0.0, 0.0, 0.0, 0.0, 0.0, 0.0, 0.0, 0.0, 0.0, 0.0, 0.0, 0.0, 0.0, 0.0, 0.0, 0.0, 0.0]
[0.0, 0.0, 0.0, 0.0, 0.0, 0.0, 0.0, 0.0, 0.0, 0.0, 0.0, 0.0, 0.0, 0.0, 0.0, 0.0, 0.0, 0.0, 0.0, 0.0, 0.0, 0.0, 0.0, 0.0, 0.0, 0.0, 0.0, 0.0, 0.0, 0.0]
[0.0, 0.0, 0.0, 0.0, 0.0, 0.0, 0.0, 0.0, 0.0, 0.0, 0.0, 0.0, 0.0, 0.0, 0.0, 0.0, 0.0, 0.0, 0.0, 0.0, 0.0, 0.0, 0.0, 0.0, 0.0, 0.0, 0.0, 0.0, 0.0, 0.0]
[0.0, 0.0, 0.0, 0.0, 0.0, 0.0, 0.0, 0.0, 0.0, 0.0, 0.0, 0.0, 0.0, 0.0, 0.0, 0.0, 0.0, 0.0, 0.0, 0.0, 0.0, 0.0, 0.0, 0.0, 0.0, 0.0, 0.0, 0.0, 0.0, 0.0]
[1.0, 1.0, 1.0, 1.0, 1.0, 1.0, 1.0, 1.0, 1.0, 1.0, 1.0, 1.0, 1.0, nan, 1.0, 1.0, 1.0, 1.0, 1.0, 1.0, 1.0, 1.0, 1.0, 1.0, 1.0, 1.0, 1.0, 1.0, 1.0, 1.0]
[1.0, 1.0, 1.0, 1.0, 1.0, 1.0, 1.0, 1.0, 1.0, 1.0, 1.0, 1.0, 1.0, 1.0, 1.0, 1.0, 1.0, 1.0, 1.0, 1.0, 1.0, 1.0, 1.0, 1.0, 1.0, 1.0, 1.0, 1.0, 1.0, 1.0]
[1.0, 1.0, 1.0, 1.0, 1.0, 1.0, 1.0, 1.0, 1.0, nan, 1.0, 1.0, 1.0, nan, 1.0, 1.0, 1.0, 1.0, 1.0, 1.0, 1.0, 1.0, 1.0, 1.0, 1.0, 1.0, 1.0, 1.0, 1.0, 1.0]
[1.0, 1.0, 1.0, 1.0, 1.0, 1.0, 1.0, 1.0, 1.0, 1.0, 1.0, 1.0, 1.0, 1.0, 1.0, 1.0, 1.0, 1.0, 1.0, 1.0, 1.0, 1.0, 1.0, 1.0, 1.0, 1.0, 1.0, 1.0, 1.0, 1.0]
[1, 1, 1, 1, 1, 1, 1, 1, 1, 1, 1, 1, 1, 1, 1, 1, 1, 1, 1, 1, 1, 1, 1, 1, 1, 1, 1, 1, 1, 1]
[1.0, 1.0, 1.0, 1.0, 1.0, 1.0, 1.0, 1.0, 1.0, 1.0, 1.0, 1.0, 1.0, 1.0, 1.0, 1.0, 1.0, 1.0, 1.0, 1.0, 1.0, 1.0, 1.0, 1.0, 1.0, 1.0, 1.0, 1.0, 1.0, 1.0]
[1.0, 1.0, 1.0, 1.0, 1.0, 1.0, 1.0, 1.0, 1.0, 1.0, 1.0, 1.0, 1.0, 1.0, nan, 1.0, 1.0, 1.0, 1.0, 1.0, 1.0, 1.0, 1.0, 1.0, 1.0, 1.0, 1.0, 1.0, 1.0, 1.0]
[1.0, 1.0, 1.0, 1.0, 1.0, 1.0, 1.0, 1.0, 1.0, 1.0, 1.0, 1.0, 1.0, 1.0, 1.0, 1.0, 1.0, 1.0, 1.0, 1.0, 1.0, 1.0, 1.0, 1.0, 1.0, 1.0, 1.0, 1.0, 1.0, 1.0]
[1.0, 1.0, 1.0, 1.0, 1.0, 1.0, 1.0, 1.0, 1.0, 1.0, 1.0, 1.0, 1.0, nan, 1.0, 1.0, 1.0, 1.0, 1.0, 1.0, 1.0, 1.0, 1.0, 1.0, 1.0, 1.0, 1.0, 1.0, 1.0, 1.0]
[1.0, 1.0, 1.0, 1.0, 1.0, 1.0, 1.0, 1.0, 1.0, 1.0, 1.0, 1.0, 1.0, 1.0, 1.0, 1.0, 1.0, 1.0, 1.0, 1.0, 1.0, 1.0, 1.0, 1.0, 1.0, 1.0, 1.0, 1.0, 1.0, 1.0]
[1.0, 1.0, 1.0, 1.0, 1.0, nan, 1.0, 1.0, 1.0, 1.0, 1.0, 1.0, 1.0, 1.0, 1.0, 1.0, 1.0, 1.0, 1.0, 1.0, 1.0, 1.0, 1.0, 1.0, 1.0, 1.0, 1.0, 1.0, 1.0, 1.0]
[1.0, 1.0, 1.0, 1.0, 1.0, 1.0, 1.0, 1.0, 1.0, 1.0, 1.0, 1.0, 1.0, 1.0, 1.0, 1.0, 1.0, 1.0, 1.0, 1.0, 1.0, 1.0, 1.0, 1.0, 1.0, 1.0, 1.0, 1.0, 1.0, 1.0]
[1, 1, 1, 1, 1, 1, 1, 1, 1, 1, 1, 1, 1, 1, 1, 1, 1, 1, 1, 1, 1, 1, 1, 1, 1, 1, 1, 1, 1, 1]
[1.0, 1.0, 1.0, 1.0, 1.0, 1.0, 1.0, 1.0, 1.0, 1.0, 1.0, 1.0, 1.0, 1.0, 1.0, 1.0, 1.0, 1.0, 1.0, 1.0, 1.0, 1.0, 1.0, 1.0, 1.0, 1.0, 1.0, 1.0, 1.0, 1.0]
[1, 1, 1, 1, 1, 1, 1, 1, 1, 1, 1, 1, 1, 1, 1, 1, 1, 1, 1, 1, 1, 1, 1, 1, 1, 1, 1, 1, 1, 1]
[1.0, 1.0, 1.0, 1.0, 1.0, 1.0, 1.0, 1.0, 1.0, 1.0, 1.0, 1.0, 1.0, 1.0, 1.0, 1.0, 1.0, 1.0, 1.0, 1.0, 1.0, 1.0, 1.0, 1.0, 1.0, 1.0, 1.0, 1.0, 1.0, 1.0]
[1, 1, 1, 1, 1, 1, 1, 1, 1, 1, 1, 1, 1, 1, 1, 1, 1, 1, 1, 1, 1, 1, 1, 1, 1, 1, 1, 1, 1, 1]
[1.0, 1.0, 1.0, 1.0, 1.0, 1.0, 1.0, 1.0, 1.0, 1.0, 1.0, 1.0, 1.0, 1.0, 1.0, 1.0, 1.0, 1.0, 1.0, 1.0, 1.0, 1.0, 1.0, 1.0, 1.0, 1.0, 1.0, 1.0, 1.0, 1.0]
[1, 1, 1, 1, 1, 1, 1, 1, 1, 1, 1, 1, 1, 1, 1, 1, 1, 1, 1, 1, 1, 1, 1, 1, 1, 1, 1, 1, 1, 1]
[1.0, 1.0, 1.0, 1.0, 1.0, 1.0, 1.0, 1.0, 1.0, 1.0, 1.0, 1.0, 1.0, 1.0, 1.0, 1.0, 1.0, 1.0, 1.0, 1.0, 1.0, 1.0, 1.0, 1.0, 1.0, 1.0, 1.0, 1.0, 1.0, 1.0]
[1, 1, 1, 1, 1, 1, 1, 1, 1, 1, 1, 1, 1, 1, 1, 1, 1, 1, 1, 1, 1, 1, 1, 1, 1, 1, 1, 1, 1, 1]
[1.0, 1.0, 1.0, 1.0, 1.0, 1.0, 1.0, 1.0, 1.0, 1.0, 1.0, 1.0, 1.0, 1.0, 1.0, 1.0, 1.0, 1.0, 1.0, 1.0, 1.0, 1.0, 1.0, 1.0, 1.0, 1.0, 1.0, 1.0, 1.0, 1.0]
